// LogicUnitID LayerID BankID Row Col
0 0 0 383 815
0 0 0 384 815
0 0 0 382 814
0 0 0 146 814
0 0 0 57 993
0 0 0 217 0
0 0 0 632 311
0 0 0 442 23
0 0 0 409 142
0 0 0 409 467
0 0 0 204 391
0 0 0 477 47
1 0 0 880 622
1 0 0 879 621
1 0 0 576 827
1 0 0 880 700
1 0 0 507 827
1 0 0 881 622
1 0 0 881 699
1 0 0 559 581
1 0 0 560 582
1 0 0 916 948
1 0 0 334 90
1 0 0 880 623
2 0 0 333 864
2 0 0 552 848
2 0 0 555 848
2 0 0 334 863
2 0 0 334 864
2 0 0 551 847
2 0 0 335 865
2 0 0 75 948
2 0 0 936 883
2 0 0 338 97
2 0 0 334 681
2 0 0 281 908
3 0 0 574 483
3 0 0 575 484
3 0 0 241 789
3 0 0 437 483
3 0 0 486 321
3 0 0 929 142
3 0 0 552 773
3 0 0 296 773
3 0 0 297 773
3 0 0 467 142
3 0 0 904 484
3 0 0 364 773
